Perplexity of G1:
999.9999999999519
416.99658732608316
368.94330019458243
327.04308792064035
300.4445954562274
282.1924703327168
269.2038143105359
260.04031034442687
253.3281673444541
248.40619624121445
244.69382432103384
241.88125427078228
239.7056056016021
238.0122544325599
236.67412840096225
235.61008371841427
234.7547557019842

Perplexity of G2:
999.9999999999519
118.49370699405885
90.04511869250537
79.29695801625242
70.81453247757037
65.22715407603218
61.13927561013368
58.05208338394919
55.729147852717226
53.95324284479272
52.58721025408443
51.53100960541989
50.71096626636399